200 Output-C.txt
  -21.33    12.05   -29.94      -21.33    12.05   -29.94       0.006
  -29.53   -14.95   -47.19      -29.53   -14.95   -47.15       0.039
   16.38    20.93    41.75       16.37    20.91    41.75       0.021
   30.05    17.00    12.46       30.09    17.03    12.48       0.057
   20.49    24.36    10.33       20.51    24.41    10.34       0.062
  -25.24     5.03   -14.22      -25.24     5.05   -14.19       0.034
   38.33     1.25   -12.65       38.31     1.25   -12.65       0.019
  -13.49    18.15    34.39      -13.56    18.17    34.44       0.082
    6.89     4.78   -17.91        6.89     4.77   -17.90       0.012
   -0.39   -11.62     7.18       -0.39   -11.61     7.18       0.003
   10.19    -8.22   -21.84       10.20    -8.21   -21.85       0.015
   36.85    -2.43    -7.66       36.80    -2.38    -7.67       0.071
  -34.87     6.61   -22.23      -34.86     6.60   -22.24       0.020
   12.25    21.03   -28.52       12.20    21.04   -28.53       0.048
   -5.77   -12.57     1.96       -5.78   -12.57     1.96       0.010
  -39.30   -21.13   -18.23      -39.29   -21.13   -18.24       0.012
   -2.18   -21.28   -33.68       -2.15   -21.29   -33.69       0.038
   -8.07    -7.76    10.94       -8.07    -7.77    10.94       0.005
  -11.56     6.55    19.65      -11.61     6.55    19.65       0.045
  -41.39   -10.25   -15.91      -41.38   -10.25   -15.92       0.015
   25.64   -12.91    -6.20       25.61   -12.88    -6.20       0.044
    4.09   -12.59     4.48        4.10   -12.57     4.47       0.016
  -14.00     8.95   -35.92      -14.00     8.95   -35.92       0.001
  -32.64    -8.10    -8.04      -32.64    -8.10    -8.03       0.006
   22.72     4.34    46.55       22.72     4.34    46.55       0.001
  -10.75   -28.37   -35.13      -10.74   -28.37   -35.13       0.001
   31.34     4.11   -27.12       31.29     4.12   -27.09       0.059
    1.19     2.32   -22.98        1.19     2.32   -22.98       0.009
   18.33    16.17    58.02       18.31    16.15    58.02       0.036
  -32.58    -7.44    -8.30      -32.58    -7.44    -8.29       0.003
   -9.85    -7.92     7.67       -9.85    -7.93     7.68       0.012
   30.22    20.29   -16.59       30.25    20.32   -16.60       0.043
   24.43   -14.48   -10.54       24.41   -14.45   -10.55       0.041
   27.57     8.04    25.54       27.59     8.04    25.55       0.014
    7.76    25.38     8.76        7.75    25.43     8.76       0.047
   33.88    -5.49     6.86       33.85    -5.45     6.85       0.052
   30.29    12.93    15.85       30.30    12.93    15.86       0.016
  -15.69   -30.51   -19.10      -15.68   -30.54   -19.08       0.036
   -2.24    -2.50   -29.28       -2.23    -2.49   -29.29       0.011
   28.05     9.72   -29.86       28.03     9.71   -29.83       0.034
  -26.14    -6.38    -7.38      -26.15    -6.38    -7.37       0.013
  -13.70     4.54    -3.40      -13.69     4.53    -3.40       0.010
   -4.20    13.85    57.17       -4.19    13.84    57.17       0.009
   28.54    21.24     8.09       28.58    21.29     8.11       0.069
   25.56    24.02    -0.29       25.59    24.08    -0.29       0.061
    9.31    -3.53   -22.13        9.29    -3.53   -22.08       0.052
   22.26    21.60    18.79       22.28    21.64    18.80       0.044
   17.13    21.59    36.08       17.12    21.58    36.08       0.010
  -16.44   -30.49   -18.52      -16.43   -30.52   -18.51       0.041
   -0.43    -6.07    45.98       -0.45    -6.11    45.98       0.047
   16.40    -4.60    48.38       16.42    -4.61    48.38       0.020
   -7.61   -11.94   -44.80       -7.61   -11.94   -44.80       0.004
    7.48    13.03    63.08        7.48    13.03    63.17       0.086
  -27.95   -27.62   -13.40      -27.95   -27.62   -13.39       0.008
   21.46    -0.92    42.55       21.46    -0.92    42.55       0.003
  -21.91    12.28   -28.19      -21.91    12.26   -28.19       0.019
   -5.03    -2.14    50.51       -5.06    -2.16    50.52       0.034
  -26.90   -28.69   -14.79      -26.91   -28.70   -14.78       0.018
  -39.66     2.24   -29.50      -39.62     2.21   -29.50       0.049
    7.16    14.06    63.05        7.15    14.06    63.15       0.095
   17.25    23.10   -27.01       17.25    23.10   -27.01       0.003
  -12.34     9.99   -26.68      -12.34     9.98   -26.68       0.008
   -8.88     7.08   -30.35       -8.87     7.09   -30.35       0.014
   17.81    -7.57   -22.85       17.87    -7.56   -22.80       0.081
   21.65     8.00    57.72       21.64     8.00    57.72       0.010
   15.00    -0.45   -21.71       15.00    -0.46   -21.69       0.019
   23.67    13.11   -30.18       23.67    13.12   -30.18       0.011
   38.62     1.52   -11.89       38.59     1.53   -11.88       0.029
  -10.77    18.56    36.88      -10.82    18.59    36.94       0.086
   10.55    20.75    56.45       10.55    20.71    56.45       0.042
   31.61    19.36    -8.41       31.65    19.39    -8.41       0.052
  -21.25   -31.93   -19.76      -21.25   -31.95   -19.75       0.021
   20.15    15.40    48.96       20.12    15.39    48.96       0.029
   -2.56    15.92    53.62       -2.55    15.91    53.62       0.015
  -27.22   -30.25   -35.03      -27.21   -30.22   -35.01       0.034
  -24.39     9.83   -35.75      -24.38     9.81   -35.74       0.020
   13.06   -13.18   -17.26       13.03   -13.10   -17.20       0.102
   37.22     8.14   -12.17       37.21     8.14   -12.17       0.005
    9.78    -6.47    35.70        9.78    -6.49    35.70       0.016
  -18.78   -32.54   -26.62      -18.77   -32.55   -26.62       0.011
    9.84    -6.77    28.69        9.84    -6.78    28.69       0.009
   15.65    21.30    40.86       15.64    21.29    40.86       0.013
  -14.12     6.75   -39.83      -14.13     6.73   -39.82       0.026
   -2.33    -6.59   -36.63       -2.30    -6.58   -36.63       0.031
   23.72    22.63   -23.15       23.73    22.65   -23.16       0.020
   -4.25     4.29   -25.95       -4.25     4.30   -25.96       0.009
   11.85    25.49    -6.12       11.83    25.53    -6.13       0.053
    6.78    -9.20    17.01        6.78    -9.21    17.01       0.012
   21.24    11.74    54.66       21.22    11.74    54.65       0.025
   -7.31    -3.49   -42.44       -7.31    -3.49   -42.44       0.002
   15.13    -5.38    45.02       15.13    -5.40    45.02       0.016
   23.49    24.73    -7.22       23.52    24.79    -7.22       0.064
   23.36     2.48    41.39       23.37     2.48    41.39       0.005
  -18.44    -7.67    -2.40      -18.45    -7.68    -2.37       0.033
   -4.85    24.51    22.20       -4.87    24.45    22.21       0.063
   -2.78     8.48   -15.95       -2.78     8.49   -15.96       0.013
  -17.34    -7.20    -0.72      -17.34    -7.20    -0.72       0.007
    0.81    -6.58   -27.72        0.80    -6.58   -27.72       0.004
    2.44    -7.15    56.73        2.43    -7.22    56.73       0.063
  -14.24   -12.00   -48.36      -14.25   -12.00   -48.33       0.030
   10.11     6.15   -15.93       10.11     6.14   -15.91       0.027
  -40.65   -20.31   -20.79      -40.63   -20.30   -20.79       0.029
   36.18     1.03    10.75       36.22     1.02    10.78       0.046
  -18.48    12.22   -28.06      -18.48    12.21   -28.06       0.014
    3.74    24.09    11.72        3.74    24.12    11.72       0.028
   25.24    23.17   -19.63       25.26    23.21   -19.64       0.055
   28.34   -11.71   -12.27       28.31   -11.68   -12.28       0.046
   18.20    23.40   -26.14       18.20    23.42   -26.15       0.024
   32.69    14.34    11.56       32.75    14.37    11.62       0.089
   21.99    15.29    38.08       21.97    15.28    38.08       0.020
   18.11    25.62   -12.02       18.11    25.70   -12.03       0.078
   21.20     4.65   -28.69       21.27     4.70   -28.62       0.108
    5.01    21.45    36.99        5.01    21.42    36.99       0.023
   -8.42    11.39     9.55       -8.39    11.37     9.56       0.030
    7.11    25.13    11.56        7.10    25.17    11.56       0.039
   25.97     2.80   -29.90       25.99     2.80   -29.85       0.053
   17.02    -0.43   -22.35       17.06    -0.43   -22.30       0.065
   25.98     3.24    30.94       26.00     3.24    30.94       0.012
   -3.41    -5.54    36.12       -3.43    -5.56    36.12       0.019
  -37.34   -23.85   -18.63      -37.33   -23.84   -18.63       0.013
  -38.77     0.57   -35.34      -38.73     0.54   -35.32       0.055
   20.10     3.02    62.08       20.12     3.01    62.10       0.035
   20.50    13.14    58.31       20.48    13.13    58.31       0.025
  -33.06    -0.79   -43.01      -33.03    -0.82   -42.96       0.062
  -25.62   -28.99   -14.73      -25.62   -29.01   -14.72       0.020
  -33.92     3.65   -15.02      -33.93     3.66   -15.00       0.029
  -13.79    22.82    24.00      -13.78    22.81    24.01       0.017
  -14.81    -8.28     1.29      -14.82    -8.29     1.30       0.019
  -43.16    -6.60   -20.12      -43.15    -6.60   -20.12       0.014
   39.18     9.52     0.31       39.20     9.52     0.31       0.019
    2.73    -7.23    60.69        2.72    -7.30    60.69       0.066
   15.10    -7.41    17.37       15.09    -7.38    17.37       0.029
    7.89    -3.94    63.34        7.89    -3.94    63.41       0.065
   -7.27    -3.41    27.28       -7.28    -3.42    27.29       0.022
  -21.26   -19.24   -47.37      -21.26   -19.22   -47.33       0.047
   29.88    18.57   -21.08       29.88    18.57   -21.08       0.001
   11.82    12.57    63.03       11.82    12.57    63.12       0.088
  -11.46   -26.49   -14.96      -11.44   -26.53   -14.94       0.042
  -36.73   -21.36   -14.13      -36.71   -21.35   -14.14       0.020
  -22.09   -32.70   -26.10      -22.09   -32.71   -26.10       0.012
  -11.31     0.00    14.17      -11.33    -0.01    14.18       0.027
   10.59    -3.39   -22.01       10.59    -3.40   -21.95       0.055
   13.04   -17.37    -7.65       13.07   -17.28    -7.64       0.093
  -18.57   -31.46   -34.37      -18.57   -31.47   -34.37       0.001
   12.89    23.16    26.85       12.89    23.19    26.85       0.026
   15.22    19.20    55.89       15.20    19.17    55.88       0.039
  -31.85    -9.21   -46.93      -31.83    -9.20   -46.87       0.061
   -4.57    -1.04   -36.37       -4.54    -1.03   -36.38       0.036
    4.94    -7.05    49.35        4.95    -7.11    49.35       0.053
  -14.96   -21.07   -44.99      -14.96   -21.06   -44.98       0.019
   -7.84    -3.83    23.42       -7.86    -3.83    23.42       0.014
   -2.35     7.86   -17.76       -2.35     7.85   -17.76       0.007
   21.81    16.58    35.29       21.81    16.58    35.29       0.001
   29.31    -8.47     3.21       29.29    -8.42     3.19       0.059
  -38.76     1.89   -33.20      -38.72     1.86   -33.18       0.057
  -43.14   -12.13   -20.96      -43.11   -12.13   -20.96       0.032
   29.26   -10.96   -18.34       29.21   -10.89   -18.31       0.090
   -7.27     6.45    38.83       -7.29     6.44    38.83       0.026
   -6.04    -0.46    39.76       -6.05    -0.46    39.77       0.011
   11.72    21.43    50.81       11.72    21.42    50.80       0.006
  -39.77     0.71   -19.15      -39.74     0.68   -19.16       0.041
   13.79    -7.27    19.42       13.79    -7.25    19.42       0.019
  -10.27    -1.16   -43.61      -10.28    -1.16   -43.60       0.017
   -4.53   -25.36   -29.44       -4.50   -25.38   -29.45       0.033
    2.37    18.71    53.88        2.38    18.68    53.88       0.036
   10.72    -6.67    60.34       10.73    -6.71    60.33       0.045
  -23.44   -21.06   -46.12      -23.42   -21.02   -46.08       0.058
   24.66    10.27    35.88       24.66    10.27    35.88       0.002
  -12.73   -23.32   -10.55      -12.70   -23.37   -10.51       0.067
   25.77    -5.58    13.88       25.76    -5.53    13.87       0.047
   24.88   -11.80    -2.71       24.87   -11.73    -2.73       0.072
   18.35    25.77     7.63       18.37    25.83     7.65       0.066
  -28.66   -19.08   -46.27      -28.64   -19.07   -46.22       0.056
   18.46    -5.70    25.94       18.46    -5.69    25.94       0.012
  -40.56   -21.26   -24.79      -40.54   -21.25   -24.79       0.029
  -10.62     3.98   -39.97      -10.63     3.97   -39.96       0.011
   -2.53     0.32   -27.70       -2.54     0.32   -27.70       0.006
  -17.49   -22.43    -8.73      -17.48   -22.45    -8.69       0.048
   29.31    16.16   -23.78       29.31    16.15   -23.78       0.002
   34.76    -3.97    -2.58       34.71    -3.92    -2.58       0.067
  -11.70     5.88    15.48      -11.71     5.88    15.49       0.014
   24.72     4.43    36.11       24.73     4.43    36.12       0.011
  -11.77     6.71    14.18      -11.79     6.71    14.18       0.015
   31.94    15.13   -21.17       31.92    15.12   -21.16       0.025
   22.15    25.16    -8.07       22.17    25.23    -8.08       0.071
  -25.21   -31.16   -34.21      -25.20   -31.14   -34.20       0.023
  -39.50     2.38   -30.07      -39.45     2.35   -30.05       0.060
   15.49    18.26    61.29       15.46    18.22    61.29       0.046
  -10.78    10.51    14.00      -10.75    10.50    14.02       0.034
   19.61   -13.70   -18.14       19.61   -13.62   -18.06       0.109
    1.14    -6.87   -27.39        1.14    -6.87   -27.39       0.003
   -6.68     3.61    47.28       -6.70     3.61    47.28       0.014
   -9.98    13.05    13.68       -9.96    13.05    13.69       0.022
    8.74    -2.65   -22.24        8.73    -2.65   -22.19       0.050
    1.40    22.50    11.08        1.38    22.51    11.08       0.024
  -24.90   -24.18    -9.18      -24.90   -24.21    -9.14       0.046
  -36.52   -22.86   -36.96      -36.48   -22.83   -36.93       0.056
   -6.76     4.30    44.79       -6.77     4.30    44.79       0.020
   12.77    20.54    57.33       12.77    20.51    57.33       0.027
   33.01    -2.11    12.88       33.00    -2.11    12.88       0.008
