200 Output-B.txt
  -30.60   -10.79   -47.18      -30.59   -10.79   -47.17       0.013
    3.26     8.77    63.37        3.26     8.77    63.39       0.019
  -40.64    -7.24   -14.85      -40.63    -7.24   -14.85       0.003
  -10.88     8.40   -32.70      -10.87     8.41   -32.71       0.011
   38.59    10.66     0.90       38.59    10.67     0.90       0.007
  -25.08   -13.28    -6.09      -25.08   -13.29    -6.09       0.004
  -15.35   -27.83   -39.43      -15.35   -27.82   -39.42       0.009
  -18.82    -8.38    -2.72      -18.82    -8.38    -2.71       0.005
   38.44     0.41   -12.21       38.44     0.41   -12.21       0.001
   -5.47    13.85     7.95       -5.47    13.85     7.96       0.006
   31.25    16.78   -20.53       31.26    16.78   -20.53       0.002
   15.63     0.71   -21.65       15.64     0.71   -21.62       0.023
  -15.42   -13.83    -3.81      -15.43   -13.83    -3.81       0.004
   34.21     7.58   -21.89       34.20     7.58   -21.89       0.008
   -2.21   -10.10    16.54       -2.21   -10.11    16.54       0.004
   -6.24     7.65    62.10       -6.26     7.65    62.12       0.024
  -32.13    -7.71    -8.02      -32.13    -7.71    -8.02       0.001
   -2.27    12.02    -1.81       -2.27    12.02    -1.80       0.006
  -28.90    -2.53   -45.94      -28.90    -2.53   -45.94       0.006
   18.22   -10.66     5.23       18.22   -10.67     5.23       0.007
   17.78    18.37    47.81       17.77    18.36    47.81       0.011
   17.89    27.06    -2.12       17.89    27.06    -2.12       0.009
  -25.93   -31.41   -19.99      -25.93   -31.40   -19.99       0.010
    3.73   -13.20     1.23        3.73   -13.20     1.23       0.002
  -30.56     6.16   -38.05      -30.56     6.16   -38.05       0.001
   -5.02    -8.97   -42.29       -5.01    -8.97   -42.30       0.007
  -12.68   -28.11   -37.72      -12.68   -28.11   -37.72       0.003
   18.82    21.90    26.20       18.82    21.90    26.20       0.002
   15.14     3.82    63.01       15.14     3.82    63.04       0.024
   -7.43   -22.04   -11.92       -7.43   -22.03   -11.92       0.002
    1.01    23.78    25.45        1.01    23.77    25.45       0.006
  -34.15   -13.28   -45.88      -34.14   -13.28   -45.87       0.015
   36.90    13.44     3.69       36.90    13.44     3.69       0.002
  -29.56    -5.72    -8.63      -29.56    -5.72    -8.62       0.003
  -26.00    11.05   -29.99      -26.00    11.05   -29.99       0.001
    7.44   -14.91    -1.59        7.44   -14.91    -1.59       0.003
   20.11    17.04   -30.40       20.11    17.03   -30.39       0.008
  -21.72   -10.73    -4.24      -21.72   -10.73    -4.24       0.000
  -22.26   -12.17    -4.83      -22.26   -12.17    -4.83       0.003
  -21.56     6.18   -14.96      -21.56     6.19   -14.96       0.010
   18.99     0.15   -23.53       19.01     0.15   -23.51       0.026
    6.02    19.97    -3.44        6.02    19.96    -3.44       0.003
  -16.05   -17.54   -47.18      -16.05   -17.54   -47.17       0.007
  -25.51     4.14   -42.59      -25.51     4.14   -42.59       0.002
  -18.88   -29.46   -38.24      -18.88   -29.45   -38.24       0.004
    1.36    22.85    30.42        1.36    22.85    30.42       0.002
  -10.48     9.74    31.76      -10.49     9.73    31.77       0.016
  -40.82   -14.39   -30.59      -40.81   -14.39   -30.58       0.010
   -6.65     3.92   -31.59       -6.63     3.93   -31.59       0.012
   -5.35   -24.10   -35.10       -5.35   -24.11   -35.10       0.006
   11.82    22.02    39.69       11.82    22.02    39.69       0.004
   28.84    -7.92     6.20       28.84    -7.93     6.20       0.003
  -12.31   -25.46   -41.01      -12.31   -25.46   -41.01       0.001
  -36.40     5.30   -22.15      -36.40     5.30   -22.15       0.001
   17.72    -2.08    60.78       17.72    -2.07    60.78       0.007
   21.45   -14.66    -4.47       21.45   -14.66    -4.46       0.013
   12.17    21.49   -15.20       12.17    21.49   -15.20       0.002
  -18.73    -6.82   -48.44      -18.73    -6.82   -48.44       0.001
   40.37     4.09    -2.63       40.38     4.09    -2.63       0.008
    6.45    21.92    33.43        6.45    21.92    33.43       0.001
    6.98   -10.19   -22.84        6.98   -10.19   -22.83       0.015
   18.82   -13.90    -1.62       18.82   -13.90    -1.61       0.004
   17.76    20.08   -29.58       17.76    20.07   -29.57       0.014
   12.61    14.96   -12.82       12.62    14.96   -12.81       0.018
   -8.21   -20.65    -9.83       -8.21   -20.66    -9.82       0.004
   14.99   -17.58    -8.44       15.00   -17.57    -8.44       0.015
   35.51    -3.65     1.85       35.50    -3.64     1.85       0.011
   29.37    19.21   -21.12       29.37    19.21   -21.12       0.003
   25.48   -11.38   -21.29       25.47   -11.37   -21.28       0.018
   -2.09     1.37   -26.49       -2.09     1.37   -26.49       0.000
  -11.98   -25.84   -40.39      -11.98   -25.84   -40.39       0.008
   11.70    25.97    10.97       11.69    25.98    10.98       0.015
   24.21    16.28   -28.13       24.20    16.28   -28.12       0.016
   21.32     0.79    49.04       21.31     0.80    49.03       0.011
   -1.97   -11.14     9.38       -1.97   -11.14     9.38       0.003
   18.37    26.28    -7.48       18.37    26.29    -7.48       0.008
    6.36    -6.98    47.99        6.36    -6.99    47.99       0.008
    2.46     3.87    63.54        2.46     3.87    63.56       0.022
  -28.54     7.04   -38.04      -28.54     7.04   -38.04       0.001
   -6.03    14.19     9.12       -6.02    14.19     9.12       0.003
   34.49    15.19     7.55       34.50    15.19     7.55       0.011
   -6.48    24.60    22.35       -6.48    24.59    22.35       0.004
  -13.07   -30.82   -30.90      -13.07   -30.81   -30.90       0.010
  -42.40    -8.55   -17.89      -42.39    -8.55   -17.90       0.011
    2.84     6.12   -18.33        2.84     6.12   -18.32       0.002
  -25.84   -26.28   -41.46      -25.84   -26.27   -41.46       0.013
   13.13   -16.24    -1.91       13.13   -16.24    -1.91       0.001
   -9.57     4.02    23.82       -9.58     4.02    23.83       0.011
   15.52   -10.68     7.07       15.53   -10.69     7.07       0.011
   -1.30    19.74    41.84       -1.30    19.74    41.84       0.005
   -0.44   -21.13   -22.94       -0.44   -21.13   -22.94       0.002
  -27.30   -27.09   -12.03      -27.30   -27.09   -12.03       0.007
   18.50   -17.06    -6.19       18.50   -17.05    -6.19       0.006
   -7.10     5.57    40.15       -7.12     5.57    40.14       0.017
   25.08    11.73    31.65       25.08    11.73    31.65       0.003
   12.41   -16.80    -8.97       12.41   -16.79    -8.97       0.013
   -6.66   -14.82   -43.10       -6.66   -14.82   -43.10       0.001
   19.51    -2.01    46.95       19.51    -2.00    46.95       0.007
   18.91   -16.81    -5.69       18.91   -16.81    -5.69       0.002
   33.75    11.11   -21.43       33.75    11.11   -21.43       0.004
   10.60    22.65    29.72       10.60    22.65    29.72       0.004
    3.79   -15.70    -5.59        3.79   -15.70    -5.59       0.008
   10.19    -7.70    19.66       10.19    -7.70    19.66       0.002
  -16.40     2.50   -44.44      -16.40     2.51   -44.45       0.008
   25.51    22.05    11.41       25.52    22.06    11.41       0.013
  -41.43   -19.56   -23.95      -41.42   -19.55   -23.95       0.013
   29.28    21.19     6.51       29.28    21.20     6.51       0.004
  -13.94    12.57    19.74      -13.94    12.58    19.75       0.002
  -30.43     6.92   -36.79      -30.43     6.92   -36.79       0.001
   27.26    22.82     4.05       27.26    22.82     4.05       0.008
  -34.50   -17.38    -9.39      -34.50   -17.38    -9.40       0.007
    8.36    25.33    12.66        8.36    25.34    12.66       0.004
   15.63    23.09    23.85       15.63    23.10    23.85       0.003
    8.90    24.24    19.66        8.90    24.25    19.66       0.006
   -2.95    -8.59   -39.79       -2.95    -8.59   -39.79       0.007
   -1.44    17.06    49.60       -1.44    17.06    49.60       0.002
    0.74    11.88    -5.96        0.75    11.87    -5.96       0.007
   -6.08     0.40    48.47       -6.10     0.39    48.47       0.021
   33.05    12.45   -22.01       33.06    12.45   -22.01       0.002
    9.73    -6.80    28.57        9.73    -6.81    28.57       0.002
    4.02    23.64    23.14        4.02    23.64    23.14       0.000
   11.23    -1.82    63.18       11.23    -1.81    63.20       0.019
   25.65    -7.77     7.67       25.65    -7.77     7.67       0.001
    0.87    23.97    22.77        0.87    23.96    22.77       0.001
   14.41    22.57    32.23       14.42    22.57    32.23       0.003
  -19.03   -20.61   -46.74      -19.03   -20.61   -46.74       0.007
   10.65    23.29    25.35       10.65    23.29    25.35       0.003
   38.31    11.05     2.31       38.32    11.06     2.31       0.007
  -39.72   -10.63   -38.88      -39.70   -10.63   -38.88       0.019
   31.57    18.96     7.43       31.57    18.96     7.43       0.006
   27.31   -12.42   -17.34       27.31   -12.41   -17.34       0.015
   21.28    -3.62    31.53       21.27    -3.61    31.53       0.005
   21.04     4.10    58.61       21.03     4.10    58.61       0.012
   33.50    13.79   -18.70       33.50    13.79   -18.70       0.004
   -8.23   -13.29    -0.59       -8.23   -13.29    -0.59       0.002
   34.15    -5.00     0.99       34.14    -4.99     0.99       0.009
   33.03    15.50     9.78       33.04    15.50     9.79       0.015
   20.96    13.10    53.09       20.94    13.10    53.09       0.019
   30.61     3.94    18.33       30.62     3.94    18.34       0.008
   27.37     1.62    25.12       27.37     1.62    25.12       0.000
   17.27    24.86   -23.52       17.27    24.86   -23.52       0.006
    3.63    -6.93    45.95        3.63    -6.94    45.95       0.013
    0.17    17.90    53.63        0.17    17.90    53.63       0.004
   22.03     8.75    53.93       22.02     8.75    53.93       0.013
    2.46    22.19    32.48        2.45    22.19    32.48       0.001
   -2.14    -2.18   -28.87       -2.13    -2.17   -28.87       0.010
    6.39    14.88    63.13        6.39    14.88    63.15       0.024
    3.45    -7.36    61.28        3.45    -7.37    61.28       0.016
   -4.57    21.76    15.24       -4.57    21.75    15.25       0.012
   -6.10   -18.13   -41.77       -6.10   -18.13   -41.77       0.002
   18.37    -5.69    26.05       18.37    -5.69    26.05       0.001
  -32.49    -0.10   -42.70      -32.49    -0.10   -42.70       0.004
   11.50    19.60   -22.61       11.50    19.60   -22.61       0.002
   -0.19    -7.24    33.92       -0.19    -7.25    33.92       0.013
  -10.19    24.85    25.25      -10.19    24.85    25.25       0.001
  -10.50    -7.50     7.30      -10.50    -7.50     7.30       0.002
  -14.63   -16.52    -5.51      -14.63   -16.53    -5.51       0.007
   29.59    16.36    13.95       29.60    16.37    13.96       0.016
   -2.57    15.11    60.67       -2.58    15.12    60.67       0.008
    4.18    18.29    62.33        4.18    18.30    62.34       0.012
    6.82    22.09    32.63        6.82    22.09    32.63       0.005
   -4.09    -6.06    31.76       -4.09    -6.07    31.76       0.016
   23.34    23.16    11.14       23.34    23.17    11.14       0.004
  -12.09    22.79    20.08      -12.09    22.78    20.08       0.009
  -41.63    -7.31   -16.81      -41.62    -7.31   -16.81       0.005
   -9.69    23.39    19.67       -9.68    23.38    19.67       0.011
   -1.78    -5.86    42.93       -1.78    -5.87    42.93       0.011
    8.73   -14.66   -17.27        8.72   -14.66   -17.26       0.008
  -36.04   -10.62   -44.45      -36.03   -10.63   -44.44       0.011
  -42.73   -16.65   -24.84      -42.72   -16.65   -24.84       0.011
  -26.48   -13.85    -6.28      -26.48   -13.85    -6.28       0.003
   28.10    15.22    17.46       28.10    15.22    17.46       0.007
  -28.90   -18.44   -46.29      -28.90   -18.44   -46.28       0.013
   -4.83    -3.00    43.40       -4.85    -3.00    43.40       0.014
  -43.02   -16.38   -26.70      -43.00   -16.38   -26.70       0.018
  -28.98   -16.32   -47.12      -28.98   -16.32   -47.12       0.002
   38.51     6.74     7.50       38.52     6.75     7.51       0.019
   30.64    17.13   -21.38       30.64    17.12   -21.38       0.008
    0.44    21.68    35.44        0.44    21.68    35.44       0.006
  -14.87   -31.80   -26.46      -14.87   -31.80   -26.47       0.003
  -38.77   -22.71   -19.90      -38.76   -22.71   -19.90       0.009
  -16.56    -7.31   -48.09      -16.56    -7.31   -48.08       0.004
   19.93     2.61   -25.29       19.95     2.61   -25.27       0.025
   20.89    -6.04    19.03       20.89    -6.04    19.03       0.002
   18.38    -7.03    16.08       18.39    -7.03    16.08       0.005
    3.01    11.32    63.27        3.01    11.32    63.29       0.022
   12.27     0.78   -20.81       12.28     0.77   -20.80       0.014
   -3.88    22.80    33.79       -3.88    22.80    33.79       0.002
   13.54    -5.75    53.72       13.54    -5.75    53.72       0.001
  -12.11     9.91    18.67      -12.12     9.91    18.67       0.013
    1.28    -6.75    44.92        1.28    -6.76    44.92       0.014
   21.69     8.13    57.32       21.68     8.13    57.32       0.016
   13.96    -5.50    53.55       13.96    -5.51    53.55       0.003
  -19.10    -8.10    -2.83      -19.10    -8.10    -2.82       0.004
  -29.57   -21.72    -8.47      -29.57   -21.72    -8.47       0.004
   -3.62    -9.76    14.66       -3.62    -9.76    14.67       0.004
    5.51   -16.76   -13.58        5.51   -16.75   -13.58       0.003
   -6.98    -7.67    15.55       -6.99    -7.68    15.55       0.006
   -6.53   -26.86   -31.03       -6.53   -26.86   -31.03       0.002
  -26.16    -3.71   -47.26      -26.16    -3.71   -47.26       0.003
