200 Output-J.txt
   18.41   -10.10     6.24       18.40   -10.08     6.22       0.034
   -1.03     1.31   -25.21       -1.05     1.30   -25.19       0.029
   27.96    22.24   -11.49       28.01    22.31   -11.50       0.086
   -6.62     2.31    48.02       -6.56     2.31    48.02       0.058
   34.06     1.35    13.08       34.14     1.34    13.14       0.097
    1.07    10.32    -9.39        1.03    10.41    -9.42       0.099
   14.27   -16.31   -12.06       14.28   -16.28   -12.05       0.033
   34.80    15.25   -13.00       34.78    15.24   -12.99       0.030
  -39.96   -13.41   -36.57      -39.91   -13.41   -36.56       0.044
   21.14     4.65   -28.43       21.12     4.64   -28.45       0.033
   25.45    14.12    26.25       25.46    14.13    26.26       0.019
   19.95    22.57   -26.49       19.96    22.60   -26.51       0.032
   31.58    12.93    13.67       31.57    12.93    13.67       0.008
    9.60   -14.69   -16.35        9.60   -14.71   -16.36       0.020
   35.58     7.89   -18.81       35.60     7.89   -18.82       0.026
   38.31     5.62     8.07       38.33     5.62     8.09       0.027
  -12.29    10.11   -21.32      -12.30    10.08   -21.32       0.031
    2.50   -13.19     0.10        2.49   -13.26     0.11       0.070
   15.13    -4.35    60.72       15.17    -4.42    60.72       0.076
  -43.07   -13.38   -21.60      -43.06   -13.37   -21.60       0.013
  -24.65   -32.07   -21.63      -24.66   -32.13   -21.61       0.070
   19.23    24.80    10.89       19.20    24.69    10.86       0.117
  -39.92   -11.24   -34.75      -39.95   -11.25   -34.75       0.027
   -7.12    13.44     9.66       -7.10    13.42     9.67       0.030
   12.21    -6.46    30.16       12.21    -6.41    30.15       0.053
  -22.22    12.07   -25.34      -22.22    12.13   -25.33       0.066
   -8.83   -29.08   -25.48       -8.85   -29.06   -25.48       0.020
    8.82    19.90    59.93        8.82    19.88    59.92       0.028
    3.38   -15.75   -22.11        3.49   -15.82   -22.16       0.144
   -5.98   -18.31    -8.30       -6.00   -18.28    -8.32       0.040
   39.46     3.52     3.91       39.56     3.51     3.92       0.101
   11.55    14.71    63.06       11.55    14.71    63.11       0.051
  -34.45    -0.04   -41.54      -34.46    -0.03   -41.56       0.026
    0.38     4.02   -22.31        0.38     4.02   -22.31       0.004
   -6.46    -1.30    36.15       -6.30    -1.27    36.13       0.169
    2.48    -4.30    63.44        2.48    -4.30    63.45       0.009
   10.97   -12.71   -18.57       11.00   -12.78   -18.63       0.099
   12.49    17.14   -28.67       12.48    17.13   -28.67       0.016
   22.59    13.97    40.24       22.54    13.94    40.23       0.059
  -43.01   -10.49   -27.94      -43.10   -10.54   -28.00       0.120
  -22.60    -1.78   -47.31      -22.60    -1.74   -47.38       0.087
   -6.05    24.59    28.15       -6.02    24.74    28.19       0.157
   29.14    -6.28    10.92       29.11    -6.22    10.90       0.078
  -33.19     5.10   -37.51      -33.12     5.03   -37.44       0.119
   25.27    11.78    30.18       25.39    11.82    30.21       0.131
   -4.15    20.96    38.29       -4.11    20.76    38.21       0.220
   25.52    14.74    25.06       25.54    14.75    25.06       0.021
  -32.38     0.47   -42.37      -32.37     0.44   -42.34       0.040
  -30.96     7.44   -16.87      -30.92     7.39   -16.90       0.061
   12.37    -0.42   -21.40       12.36    -0.39   -21.46       0.075
   15.27   -12.95     3.29       15.25   -12.91     3.27       0.049
  -21.09   -14.73    -5.64      -21.09   -14.73    -5.63       0.001
   13.09   -14.96     1.04       13.08   -14.94     1.02       0.030
    4.00     0.19   -22.66        3.99     0.18   -22.64       0.027
  -25.10    11.81   -25.48      -25.10    11.80   -25.48       0.004
  -11.81     5.83     5.52      -11.89     5.89     5.53       0.104
   -8.07    19.31    14.36       -8.06    19.29    14.39       0.039
    5.53   -15.74    -6.32        5.53   -15.75    -6.32       0.009
    0.73    -7.60    31.71        0.73    -7.56    31.71       0.041
  -16.33    17.37    23.87      -16.32    17.37    23.87       0.016
  -32.41    -2.84   -44.25      -32.40    -2.85   -44.22       0.042
   -8.80   -27.13   -35.31       -8.80   -27.12   -35.31       0.011
   14.97    23.22    23.51       14.97    23.22    23.51       0.001
   12.60   -10.55     8.49       12.65   -10.77     8.57       0.236
   27.80     5.84    26.14       27.65     5.85    26.09       0.159
  -15.87    -5.96     1.96      -15.84    -5.95     1.94       0.034
   23.76    14.03    34.03       23.65    13.97    34.00       0.119
  -15.86   -13.86   -48.48      -15.86   -13.86   -48.47       0.003
    2.86    -7.39    30.30        2.87    -7.55    30.31       0.160
   -2.33    -9.90    17.22       -2.35    -9.95    17.23       0.058
  -12.15   -23.59   -42.72      -12.15   -23.59   -42.72       0.002
   25.25    24.03   -10.42       25.20    23.92   -10.41       0.123
   36.95     9.15     8.69       36.88     9.12     8.62       0.098
   11.14    -3.80    63.35       11.14    -3.80    63.33       0.019
    3.76    -7.21    52.87        3.77    -7.13    52.87       0.086
  -42.41   -13.27   -18.82      -42.34   -13.25   -18.85       0.078
   21.54    18.09   -28.99       21.49    18.03   -28.90       0.121
  -43.46    -8.64   -21.38      -43.45    -8.64   -21.38       0.010
    0.93     1.34    63.43        0.93     1.34    63.46       0.028
   -6.33    10.40    60.16       -6.18    10.33    60.16       0.165
   34.74    -4.89   -17.27       34.72    -4.88   -17.26       0.016
   -7.24     7.37    40.53       -7.22     7.37    40.53       0.026
   12.33     8.58    63.02       12.33     8.58    63.03       0.014
    4.24    -7.95    25.36        4.26    -8.07    25.38       0.116
   22.52    14.96    36.00       22.59    15.00    36.02       0.086
   -5.06    -2.27    51.06       -5.00    -2.23    51.06       0.068
   27.02     5.11    27.64       27.08     5.10    27.65       0.057
  -17.06   -21.17   -45.80      -17.06   -21.18   -45.80       0.007
  -33.82    -9.91    -7.66      -33.82    -9.91    -7.67       0.008
  -23.73    10.24   -35.16      -23.74    10.26   -35.17       0.027
   26.04     7.05   -30.24       26.04     7.05   -30.24       0.003
  -13.56     9.12   -34.72      -13.56     9.11   -34.71       0.011
  -28.49   -31.59   -28.13      -28.42   -31.44   -28.12       0.160
  -31.33   -28.48   -34.68      -31.36   -28.52   -34.70       0.055
   -0.03    19.83    42.67       -0.08    19.96    42.69       0.140
   15.34    27.09    -3.76       15.35    26.95    -3.73       0.135
    4.61    -5.36   -24.26        4.59    -5.37   -24.22       0.043
   -9.43   -20.51   -43.38       -9.41   -20.54   -43.45       0.073
   -1.42    18.15     7.75       -1.43    18.16     7.75       0.010
    0.12   -12.59   -32.17        0.13   -12.58   -32.18       0.015
   17.23    10.69   -28.07       17.23    10.69   -28.07       0.007
   -6.60     8.75    59.87       -6.67     8.77    59.87       0.074
   -0.79    -8.73   -31.15       -0.92    -8.76   -31.08       0.151
  -25.82    11.66   -24.48      -25.81    11.60   -24.48       0.059
  -34.68   -26.86   -19.55      -34.64   -26.81   -19.57       0.069
  -35.46   -26.05   -18.84      -35.41   -25.99   -18.88       0.089
  -35.36     1.38   -13.68      -35.35     1.38   -13.69       0.014
  -39.86    -6.49   -14.15      -39.91    -6.48   -14.11       0.065
   -8.21   -25.45   -37.35       -8.21   -25.45   -37.35       0.001
   11.20    -6.42    49.31       11.18    -6.34    49.31       0.085
  -22.32    -5.08    -5.45      -22.30    -5.09    -5.48       0.038
   14.13    14.15    63.01       14.13    14.15    63.11       0.091
   28.10    -7.66     7.05       28.12    -7.73     7.07       0.068
   28.12     8.33   -30.03       28.11     8.33   -30.03       0.005
    0.56    -3.41    63.43        0.56    -3.41    63.41       0.019
   31.32    -3.38   -25.23       31.38    -3.40   -25.29       0.089
    4.22    -7.64   -24.92        4.22    -7.64   -24.92       0.001
  -11.76     6.02   -38.70      -11.77     6.02   -38.69       0.008
    5.20   -13.09   -22.41        5.22   -13.10   -22.44       0.035
  -29.38     9.00   -18.87      -29.37     8.96   -18.90       0.051
   23.26    24.43   -19.79       23.24    24.33   -19.77       0.106
   -3.29    -3.84   -33.29       -3.29    -3.84   -33.29       0.003
  -35.12   -13.16   -45.11      -35.17   -13.19   -45.18       0.095
  -18.60    -6.91    -2.35      -18.61    -6.92    -2.33       0.023
   37.18    12.47     6.76       37.19    12.48     6.76       0.016
   17.30   -16.05   -14.50       17.31   -16.02   -14.49       0.033
    8.79    26.08     5.82        8.80    26.06     5.82       0.023
   -0.27    -6.20    50.71       -0.24    -6.13    50.71       0.076
   -5.04    -2.06    62.43       -5.03    -2.06    62.42       0.018
    1.85    21.80    34.53        1.85    21.79    34.53       0.016
   -6.00    -0.34    49.19       -5.85    -0.29    49.19       0.165
   -2.40    24.06    28.24       -2.40    24.08    28.25       0.024
  -33.44   -28.30   -32.50      -33.38   -28.21   -32.47       0.118
   33.69    -7.11   -15.31       33.65    -7.07   -15.29       0.055
  -28.72   -22.84    -9.18      -28.75   -22.90    -9.08       0.114
  -36.77     4.54   -21.06      -36.74     4.51   -21.07       0.045
   22.84    -6.37   -25.10       22.83    -6.38   -25.12       0.030
   22.02    -5.56    20.33       22.01    -5.53    20.33       0.031
  -19.25    11.44   -33.41      -19.26    11.37   -33.39       0.073
  -35.22   -27.17   -30.25      -35.19   -27.14   -30.25       0.043
   14.96    24.84    14.70       14.95    24.78    14.69       0.055
   31.72     1.44   -25.93       31.74     1.44   -25.95       0.026
    6.77    -7.29    54.14        6.76    -7.24    54.14       0.053
  -28.28   -20.46   -45.58      -28.33   -20.53   -45.72       0.164
  -13.12    17.43    17.55      -13.12    17.43    17.55       0.004
   12.26    15.34    63.14       12.26    15.34    63.09       0.042
   31.49    15.29   -21.88       31.42    15.27   -21.83       0.082
   11.91    17.08   -25.44       11.88    17.06   -25.44       0.031
  -25.65     5.70   -40.98      -25.66     5.74   -41.01       0.050
    7.53    -7.42    60.71        7.52    -7.35    60.71       0.065
   -5.40    -1.10    47.12       -5.53    -1.21    47.17       0.180
   22.85     1.27   -27.84       22.88     1.29   -27.81       0.050
   23.09     3.91    44.70       23.01     3.92    44.69       0.077
   24.70    -4.21    19.80       24.75    -4.30    19.82       0.108
   22.12     5.10    51.84       22.18     5.09    51.84       0.062
    5.34   -16.78   -12.77        5.37   -16.84   -12.77       0.065
   31.26    -9.05   -13.97       31.36    -9.16   -13.96       0.153
   33.99    16.46    -8.35       34.07    16.54    -8.34       0.115
   24.08     6.27    41.94       23.91     6.26    41.91       0.171
   15.69    25.67   -10.78       15.71    25.58   -10.76       0.097
   -6.13    -0.25    44.37       -5.93    -0.18    44.37       0.215
  -13.03    -7.23     4.68      -13.01    -7.21     4.65       0.047
  -16.25    17.00    22.66      -16.30    17.03    22.65       0.061
  -13.42   -13.75   -47.71      -13.45   -13.74   -47.67       0.051
   25.67   -12.32    -3.91       25.66   -12.30    -3.93       0.026
  -17.00     2.40    -6.05      -16.99     2.39    -6.05       0.010
   15.60     4.13    63.05       15.60     4.13    63.05       0.000
   -0.71   -16.46   -34.86       -0.64   -16.49   -34.88       0.074
    3.45   -17.51   -17.80        3.48   -17.57   -17.81       0.065
  -13.12     3.20     8.43      -13.13     3.21     8.43       0.012
   -0.73    21.57    35.94       -0.72    21.65    35.96       0.089
   29.35    -6.17   -24.94       29.35    -6.12   -24.88       0.080
   -2.72    -4.66    47.53       -2.86    -4.84    47.55       0.230
   13.08    -6.13    30.06       13.10    -6.32    30.07       0.192
   -1.95    22.99    31.54       -1.90    23.20    31.60       0.218
  -12.63    10.60   -23.88      -12.59    10.70   -23.86       0.101
   -3.62   -17.61    -8.13       -3.61   -17.74    -8.07       0.145
   -2.12     9.31   -10.28       -2.15     9.41   -10.30       0.104
  -34.46    -8.12   -45.07      -34.47    -8.12   -45.08       0.008
   -3.87   -23.98   -19.65       -3.91   -23.93   -19.67       0.070
  -39.94   -19.89   -18.19      -39.97   -19.90   -18.18       0.028
   18.24    -5.40    29.65       18.24    -5.42    29.65       0.013
   12.00   -16.02   -11.96       12.00   -16.00   -11.95       0.023
  -32.99   -15.33   -45.46      -32.99   -15.33   -45.48       0.019
   16.17   -17.02   -11.88       16.20   -16.86   -11.83       0.171
   34.17    -3.87   -20.24       34.14    -3.86   -20.24       0.036
   -5.61     0.72    62.42       -5.71     0.72    62.41       0.100
   -8.77   -25.67   -37.81       -8.81   -25.61   -37.77       0.079
  -40.63     0.67   -28.10      -40.72     0.73   -28.11       0.104
   -3.17     0.79   -28.27       -3.21     0.76   -28.23       0.068
   27.12     1.79   -30.17       27.15     1.82   -30.08       0.095
  -12.39   -27.56   -38.45      -12.40   -27.54   -38.44       0.024
   12.46    19.11   -29.55       12.41    19.12   -29.58       0.063
   22.49     7.28    52.04       22.33     7.28    52.02       0.157
  -16.03   -12.44    -2.95      -16.00   -12.41    -3.00       0.071
  -11.72   -27.00   -38.75      -11.74   -26.96   -38.72       0.052
  -16.47     4.77   -11.07      -16.53     4.92   -11.01       0.174
   21.17    24.92     7.07       21.19    24.97     7.08       0.049
   19.26    -3.89    39.13       19.08    -3.66    39.06       0.297
  -10.59     8.06   -16.21      -10.60     8.11   -16.20       0.054
