200 Output-G.txt
   16.76    -8.25   -21.95       16.76    -8.25   -21.95       0.000
  -25.44   -15.76   -47.87      -25.44   -15.76   -47.87       0.002
   15.45    17.87    62.07       15.45    17.87    62.07       0.004
   19.49     6.95   -27.11       19.49     6.95   -27.11       0.001
   18.14    19.93    40.51       18.14    19.93    40.51       0.001
   -6.86     3.47    37.34       -6.86     3.47    37.34       0.002
    2.40    -9.15    21.45        2.40    -9.15    21.45       0.003
  -41.81    -1.16   -29.93      -41.81    -1.16   -29.93       0.000
  -22.89    12.30   -27.42      -22.89    12.30   -27.42       0.002
    3.87    18.34    -0.61        3.87    18.34    -0.62       0.008
    0.69   -18.86   -24.94        0.69   -18.86   -24.94       0.002
  -19.81    -4.19    -3.12      -19.81    -4.19    -3.12       0.000
   -4.47     0.30    63.19       -4.47     0.30    63.19       0.000
   29.46    -3.67   -26.08       29.46    -3.67   -26.09       0.003
  -11.01     8.33   -33.44      -11.01     8.33   -33.44       0.003
   10.95   -15.61    -0.90       10.95   -15.61    -0.90       0.001
   13.37    -5.77    56.52       13.36    -5.76    56.52       0.009
   36.58    -2.92     6.59       36.59    -2.92     6.59       0.006
    1.64   -17.31    -8.73        1.64   -17.31    -8.73       0.003
   16.05    23.11   -27.67       16.05    23.11   -27.67       0.000
  -17.50    -1.14    -0.54      -17.49    -1.14    -0.54       0.009
   14.42    13.96   -28.47       14.41    13.95   -28.47       0.004
   -0.08   -10.32    16.08       -0.08   -10.32    16.08       0.005
  -13.24    15.60    34.65      -13.25    15.60    34.66       0.008
  -18.02   -30.17   -16.47      -18.02   -30.17   -16.47       0.000
   23.13    15.37   -29.21       23.13    15.36   -29.21       0.006
   -6.08     0.26    45.97       -6.09     0.25    45.97       0.009
   39.50     3.33     4.54       39.51     3.33     4.54       0.006
  -38.99   -20.82   -34.39      -38.99   -20.82   -34.39       0.000
  -37.93    -9.60   -10.65      -37.93    -9.60   -10.65       0.002
    5.71   -10.75   -23.11        5.72   -10.75   -23.11       0.005
   -7.08     5.49    58.50       -7.08     5.49    58.50       0.003
   37.68    11.98    -3.97       37.68    11.98    -3.97       0.004
   32.94     5.83    14.77       32.94     5.83    14.77       0.002
   37.46    12.01     6.71       37.46    12.00     6.71       0.005
   -5.17   -19.26   -10.01       -5.17   -19.26   -10.01       0.000
   28.86    11.50    19.63       28.87    11.51    19.63       0.006
   30.21    20.69     4.32       30.22    20.69     4.32       0.003
    8.83    22.36    31.76        8.83    22.36    31.76       0.003
   24.79    -2.90    24.13       24.79    -2.89    24.13       0.004
   -5.44    18.76    40.92       -5.43    18.76    40.92       0.002
   11.47     7.29    62.94       11.47     7.29    62.94       0.001
   -6.68     3.30    49.11       -6.67     3.30    49.11       0.008
  -12.19   -23.26   -43.12      -12.19   -23.26   -43.12       0.001
   37.78     8.67   -10.40       37.78     8.67   -10.40       0.001
    5.71    23.19     2.66        5.71    23.19     2.65       0.002
   -9.64     7.47   -33.57       -9.64     7.47   -33.57       0.000
   14.40    21.76    42.71       14.40    21.76    42.71       0.001
   14.15    12.92   -15.08       14.15    12.93   -15.08       0.003
   15.63    11.52   -23.00       15.63    11.52   -22.99       0.003
  -14.24   -27.92   -15.17      -14.24   -27.92   -15.17       0.004
   16.14     9.55   -21.63       16.14     9.55   -21.63       0.007
   19.28    19.59   -29.07       19.28    19.60   -29.07       0.005
  -43.70    -5.66   -24.41      -43.71    -5.65   -24.41       0.006
  -41.75   -14.61   -17.97      -41.74   -14.60   -17.97       0.003
   -0.71    -6.22    62.31       -0.71    -6.23    62.31       0.009
   27.74    17.21    15.56       27.75    17.21    15.56       0.003
  -13.69     6.93   -13.49      -13.69     6.93   -13.49       0.001
  -10.62   -29.35   -31.79      -10.63   -29.35   -31.79       0.007
  -34.91   -10.01    -7.93      -34.91   -10.01    -7.93       0.004
   12.68    17.52   -14.75       12.68    17.52   -14.75       0.005
   20.16    19.72    31.15       20.17    19.72    31.15       0.008
  -28.02   -31.11   -32.00      -28.02   -31.11   -32.00       0.001
   35.60    -3.55    -7.62       35.60    -3.55    -7.62       0.002
   -6.40     3.35   -32.27       -6.40     3.35   -32.27       0.008
    1.80     0.74    63.45        1.80     0.74    63.45       0.001
   30.58    20.46    -6.91       30.58    20.46    -6.91       0.005
  -27.50   -31.43   -21.44      -27.50   -31.43   -21.44       0.007
   31.54    13.95   -22.94       31.54    13.95   -22.94       0.001
   -2.66    18.58    44.22       -2.67    18.58    44.22       0.009
   -6.85   -14.92    -2.85       -6.85   -14.92    -2.85       0.001
   21.78     1.80    48.86       21.77     1.80    48.86       0.009
   -4.40    11.85     1.90       -4.40    11.85     1.90       0.001
    7.82    22.22    -4.60        7.81    22.22    -4.60       0.001
   22.62    13.87    39.87       22.62    13.87    39.87       0.001
  -18.89   -26.93   -11.66      -18.89   -26.93   -11.66       0.001
  -37.98   -24.82   -25.10      -37.98   -24.82   -25.10       0.000
   33.80     1.35   -22.99       33.80     1.35   -22.99       0.002
    0.14   -10.44   -29.88        0.13   -10.44   -29.88       0.002
  -38.94    -8.33   -12.05      -38.94    -8.33   -12.05       0.003
  -15.54     2.30    -0.26      -15.55     2.30    -0.26       0.009
   24.26    23.79   -19.73       24.26    23.80   -19.73       0.005
    1.75    -7.11    55.04        1.75    -7.12    55.04       0.010
  -30.88   -30.38   -24.79      -30.88   -30.37   -24.79       0.006
   16.96    21.93   -28.75       16.96    21.93   -28.75       0.001
  -12.83     8.94   -34.03      -12.83     8.94   -34.03       0.001
   40.07     3.64    -1.14       40.07     3.64    -1.14       0.006
   17.81    25.50   -14.13       17.81    25.50   -14.13       0.003
    3.11    -3.25   -24.55        3.11    -3.25   -24.55       0.000
   -2.90    15.80    49.48       -2.90    15.80    49.48       0.000
  -31.79   -26.35   -38.18      -31.79   -26.35   -38.18       0.004
   29.57    -1.65    17.50       29.57    -1.65    17.50       0.001
   12.91    24.97    -9.04       12.90    24.97    -9.04       0.003
  -11.16   -19.13   -44.82      -11.15   -19.14   -44.82       0.002
  -39.47   -22.13   -30.60      -39.47   -22.13   -30.59       0.003
    4.30   -15.41   -21.61        4.30   -15.41   -21.61       0.002
    2.27   -13.61   -26.06        2.27   -13.61   -26.06       0.000
    0.71     6.17   -19.45        0.71     6.18   -19.45       0.002
  -11.87   -26.60   -39.33      -11.87   -26.60   -39.32       0.006
    7.66    20.86    -5.88        7.66    20.86    -5.88       0.000
   -6.75    13.93     9.85       -6.75    13.93     9.85       0.000
   36.93    12.57    -7.83       36.93    12.57    -7.83       0.003
   21.78    -5.08    22.68       21.79    -5.09    22.68       0.006
   -0.73    21.69    35.79       -0.73    21.69    35.79       0.006
   -6.90     5.70   -27.61       -6.90     5.69   -27.61       0.003
  -35.37   -18.43   -10.62      -35.37   -18.43   -10.62       0.003
    8.12    22.89    28.52        8.12    22.88    28.52       0.007
    4.96   -16.91   -11.03        4.96   -16.92   -11.03       0.006
  -23.77    -7.93   -48.97      -23.77    -7.93   -48.97       0.004
    6.42    21.06    -2.81        6.42    21.06    -2.82       0.001
   -5.83    23.45    33.25       -5.83    23.46    33.25       0.003
  -34.05   -21.02   -11.28      -34.05   -21.02   -11.28       0.000
   18.54    16.74    52.79       18.55    16.74    52.79       0.007
   18.62    -1.12    59.77       18.62    -1.12    59.77       0.002
   29.43    -9.25     0.43       29.43    -9.25     0.43       0.001
  -34.72   -26.56   -18.96      -34.72   -26.56   -18.96       0.002
   25.63    -2.59    23.13       25.63    -2.59    23.13       0.005
   -7.65   -27.17   -33.37       -7.65   -27.17   -33.37       0.006
  -37.92   -23.98   -31.67      -37.92   -23.98   -31.67       0.004
  -25.75   -20.12   -46.51      -25.75   -20.12   -46.51       0.002
   27.03    20.16   -22.64       27.03    20.15   -22.63       0.002
  -10.14   -29.32   -22.47      -10.14   -29.33   -22.47       0.007
  -13.90     6.37   -11.73      -13.90     6.38   -11.72       0.005
   -1.40     0.81   -25.88       -1.40     0.81   -25.88       0.003
    6.02    -7.81    24.35        6.02    -7.82    24.35       0.011
  -15.11    20.24    22.18      -15.11    20.23    22.18       0.002
   38.35    11.04    -0.71       38.36    11.04    -0.71       0.002
   23.94   -14.63   -16.08       23.94   -14.63   -16.08       0.000
  -14.18   -31.58   -26.26      -14.18   -31.58   -26.26       0.002
   17.15    22.96    22.85       17.16    22.97    22.85       0.004
   12.30    -7.43   -21.75       12.30    -7.43   -21.74       0.002
   12.31    16.52   -26.39       12.31    16.52   -26.39       0.002
   26.82   -11.80    -7.07       26.82   -11.80    -7.07       0.003
   29.48    20.94   -17.28       29.49    20.94   -17.28       0.003
  -37.47   -12.27   -10.74      -37.47   -12.27   -10.75       0.002
   23.83     7.14    42.20       23.83     7.14    42.20       0.002
   31.11    19.91    -0.57       31.11    19.91    -0.57       0.007
   18.55    23.38    17.83       18.55    23.38    17.83       0.004
   19.70    26.48     0.13       19.70    26.48     0.13       0.005
   11.14   -11.36     7.88       11.14   -11.36     7.88       0.001
   -3.46    -4.24    48.70       -3.47    -4.25    48.70       0.015
   15.40   -12.10   -18.59       15.40   -12.10   -18.59       0.001
  -19.29    10.37   -19.60      -19.29    10.37   -19.60       0.003
  -29.52   -14.66   -47.15      -29.52   -14.66   -47.15       0.001
   12.28    23.20    26.47       12.28    23.20    26.47       0.004
   25.40   -12.76    -5.03       25.40   -12.77    -5.03       0.005
   -0.66    17.47    52.72       -0.65    17.47    52.72       0.001
   11.74    14.29   -11.44       11.74    14.29   -11.44       0.001
   -9.95     7.06    -4.93       -9.95     7.06    -4.93       0.003
   19.15    -8.89     8.29       19.15    -8.89     8.29       0.001
  -12.43     4.81     8.38      -12.43     4.80     8.38       0.008
   37.37     8.87   -11.31       37.37     8.87   -11.31       0.000
  -18.29   -30.40   -16.66      -18.29   -30.41   -16.66       0.002
  -11.60    -1.86    12.29      -11.60    -1.86    12.29       0.006
   37.67     7.17   -11.68       37.67     7.17   -11.69       0.001
   22.12    13.96   -30.05       22.12    13.96   -30.05       0.000
   -2.60   -22.33   -18.16       -2.59   -22.33   -18.16       0.006
  -22.76    11.65   -31.47      -22.75    11.64   -31.47       0.004
   15.22    14.41   -29.63       15.22    14.41   -29.63       0.001
   28.44    22.14    -3.28       28.44    22.14    -3.28       0.001
   25.56   -12.84    -5.75       25.56   -12.84    -5.75       0.001
   20.57   -14.85    -3.93       20.57   -14.85    -3.93       0.000
   -9.73   -23.71   -40.96       -9.73   -23.71   -40.96       0.002
   -7.12     1.83    33.58       -7.12     1.83    33.58       0.004
  -34.06   -24.76   -15.21      -34.06   -24.76   -15.21       0.002
   35.86    14.87     2.50       35.86    14.86     2.50       0.000
   33.94    16.00     7.25       33.94    16.00     7.25       0.001
   19.64     0.22    58.90       19.64     0.22    58.90       0.001
  -38.41   -16.75   -13.20      -38.41   -16.74   -13.20       0.002
  -22.26   -12.70   -47.99      -22.26   -12.70   -47.99       0.003
  -17.79     4.32   -42.85      -17.79     4.32   -42.85       0.003
   -0.66    -4.77    63.46       -0.66    -4.77    63.46       0.003
    2.65    -7.55    30.28        2.65    -7.56    30.28       0.014
   12.70   -16.90    -8.84       12.70   -16.89    -8.83       0.004
   -6.71     5.07   -29.31       -6.70     5.07   -29.31       0.004
   21.24    20.77    24.64       21.24    20.77    24.64       0.003
  -24.68    11.42   -22.32      -24.68    11.41   -22.32       0.006
    9.86    -5.35    63.38        9.86    -5.35    63.38       0.000
  -15.37    10.66   -32.20      -15.37    10.66   -32.20       0.000
    8.44    12.21   -10.20        8.44    12.21   -10.20       0.003
  -31.31     6.94   -35.57      -31.31     6.94   -35.57       0.002
   -9.84     8.24     6.02       -9.85     8.25     6.02       0.007
   -9.26     5.37    26.55       -9.26     5.37    26.55       0.001
   -2.15    -1.87    63.43       -2.15    -1.87    63.43       0.001
  -39.87   -16.24   -33.18      -39.87   -16.24   -33.18       0.002
   -9.50    25.04    25.53       -9.50    25.05    25.53       0.005
    5.39   -12.98   -22.35        5.40   -12.99   -22.36       0.003
  -34.88   -27.11   -32.06      -34.88   -27.12   -32.06       0.005
  -19.21   -19.03   -47.29      -19.21   -19.03   -47.29       0.001
   22.06   -13.25   -20.40       22.06   -13.25   -20.40       0.003
   21.13    25.46   -12.57       21.13    25.46   -12.57       0.008
  -12.30     5.39     5.06      -12.31     5.40     5.06       0.011
   16.24    24.25   -25.67       16.24    24.25   -25.67       0.004
   22.69    25.00   -11.41       22.69    25.00   -11.41       0.002
   10.46    -6.49    44.83       10.46    -6.49    44.83       0.000
   13.16    -9.46    11.69       13.16    -9.45    11.69       0.001
   39.57     2.65     0.80       39.58     2.65     0.80       0.005
   12.94    -7.82    16.71       12.94    -7.81    16.71       0.011
  -38.96   -12.23   -40.58      -38.95   -12.23   -40.58       0.001
   38.69     1.35     7.08       38.68     1.35     7.07       0.003
