200 Output-F.txt
   23.84     5.13    41.40       23.85     5.13    41.40       0.005
  -32.14    -4.60    -9.52      -32.15    -4.60    -9.50       0.022
   -0.60    -3.61   -27.62       -0.54    -3.58   -27.66       0.073
   33.49    -7.21   -12.95       33.41    -7.13   -12.97       0.114
   25.09    24.19     2.91       25.03    24.05     2.90       0.151
  -10.44   -29.19   -20.99      -10.49   -29.11   -21.02       0.094
   -8.86    24.49    22.42       -8.86    24.58    22.39       0.090
   -5.93    -0.03    55.27       -5.94    -0.04    55.27       0.017
   13.94    11.67    63.19       13.94    11.67    63.13       0.056
   -2.92    13.32     2.66       -2.88    13.28     2.68       0.059
   19.67    -8.90   -22.62       19.67    -8.89   -22.61       0.011
   -3.48    -4.38    48.59       -3.42    -4.31    48.58       0.094
   25.83     8.13    31.66       25.85     8.13    31.66       0.019
  -15.56     4.66   -42.47      -15.56     4.66   -42.46       0.010
  -11.80     6.07    -3.54      -11.78     6.04    -3.54       0.037
  -26.36    -2.60    -9.98      -26.36    -2.62   -10.00       0.021
   -6.66     2.72    46.30       -6.61     2.72    46.30       0.051
  -11.42    23.93    22.68      -11.46    24.07    22.64       0.151
   -8.43     6.06   -33.26       -8.30     6.17   -33.27       0.169
   28.57    14.79    16.98       28.60    14.81    17.00       0.046
  -19.20   -10.47    -3.17      -19.23   -10.49    -3.11       0.065
  -11.04     8.66   -18.03      -11.03     8.71   -18.00       0.058
   19.31    26.15    -8.37       19.30    26.13    -8.37       0.015
   22.22   -15.62   -14.21       22.23   -15.67   -14.21       0.052
   -8.58   -14.25   -44.98       -8.60   -14.24   -44.97       0.025
  -27.05   -31.03   -19.58      -27.05   -31.04   -19.58       0.019
   -8.38    10.26     7.18       -8.46    10.34     7.15       0.108
   -6.62     3.66    47.21       -6.70     3.65    47.21       0.086
   -6.65    13.33     8.92       -6.64    13.33     8.92       0.010
  -21.77     4.96   -13.72      -21.77     4.98   -13.70       0.024
   35.14     0.16    11.85       35.11     0.16    11.82       0.035
   29.73    -7.73   -23.45       29.65    -7.60   -23.37       0.176
   30.94    -8.54    -2.73       31.01    -8.65    -2.71       0.128
  -30.42   -24.29   -11.22      -30.40   -24.26   -11.25       0.036
   12.90    26.71     8.06       12.89    26.65     8.05       0.062
   17.00     2.44   -22.12       16.98     2.44   -22.14       0.030
  -24.46   -30.99   -34.61      -24.48   -31.06   -34.64       0.086
    7.66    23.66    24.00        7.66    23.54    23.97       0.123
   20.10     1.13    57.15       20.28     1.03    57.18       0.205
   -5.48     4.04   -28.18       -5.47     4.05   -28.18       0.015
    9.76    -6.79    27.40        9.77    -6.88    27.41       0.091
  -11.99   -23.22   -43.00      -11.98   -23.23   -43.01       0.020
   -4.83     0.34    63.15       -4.83     0.34    63.13       0.022
   17.35    -2.63    60.16       17.34    -2.62    60.16       0.014
  -25.97    -9.35    -6.42      -25.95    -9.35    -6.47       0.052
  -27.52     3.62   -42.32      -27.52     3.61   -42.32       0.004
   -3.31   -21.57   -15.47       -3.32   -21.56   -15.47       0.019
   12.27    21.70   -14.64       12.16    21.73   -14.65       0.107
   -7.74    -3.37    24.49       -7.85    -3.42    24.51       0.121
  -15.34    -0.99     4.40      -15.20    -1.01     4.35       0.154
  -39.27    -2.44   -37.44      -39.27    -2.44   -37.44       0.009
   -6.59    -2.79   -41.41       -6.59    -2.79   -41.41       0.002
  -39.82   -12.25   -35.86      -39.85   -12.26   -35.86       0.028
   -5.37     8.45   -13.70       -5.39     8.52   -13.71       0.075
  -29.74     0.94   -43.15      -29.79     1.00   -43.24       0.121
    5.62     4.71    63.37        5.61     4.71    63.31       0.052
   -1.05    10.82    63.25       -1.05    10.82    63.31       0.057
  -43.42    -9.71   -21.63      -43.45    -9.72   -21.63       0.031
  -38.40   -18.95   -14.69      -38.38   -18.94   -14.71       0.027
   26.54    10.48    27.79       26.49    10.46    27.77       0.058
   -2.76    14.58     4.65       -2.75    14.57     4.65       0.011
   -1.24   -10.96    10.16       -1.26   -11.10    10.18       0.143
   -6.65    13.75     9.50       -6.65    13.75     9.49       0.004
    6.53    -6.18   -23.29        6.53    -6.18   -23.31       0.018
   27.38    -3.20    18.86       27.32    -3.14    18.83       0.089
   29.60     7.84    19.93       29.66     7.85    19.96       0.070
   12.63    17.85   -15.30       12.60    17.83   -15.30       0.030
    1.20    16.14     1.69        1.15    16.23     1.65       0.113
   15.40    19.54   -30.76       15.40    19.57   -30.79       0.039
  -12.29    10.14   -25.78      -12.29    10.15   -25.78       0.007
  -16.29   -12.44    -3.15      -16.29   -12.43    -3.15       0.005
   -5.55    -0.24    61.32       -5.59    -0.24    61.32       0.047
   -9.29     2.38    23.36       -9.34     2.37    23.37       0.053
  -22.09     5.60   -14.11      -22.10     5.51   -14.19       0.123
   22.23    25.11   -11.82       22.25    25.17   -11.82       0.059
   17.46   -15.81   -14.96       17.46   -15.82   -14.97       0.014
   11.82   -10.48   -20.71       11.81   -10.45   -20.68       0.043
   -3.01     9.65    -7.80       -3.02     9.71    -7.82       0.063
  -10.96   -27.05   -38.20      -11.03   -26.96   -38.13       0.128
   -4.56   -12.17   -41.44       -4.50   -12.18   -41.49       0.078
   36.81    -1.68   -13.64       36.75    -1.64   -13.61       0.079
   -2.37    -1.76   -28.90       -2.37    -1.76   -28.90       0.001
  -25.73    -4.30   -47.43      -25.73    -4.28   -47.45       0.027
   -2.88     8.73   -14.78       -2.88     8.73   -14.78       0.002
    7.77    25.16    10.72        7.72    25.35    10.72       0.192
  -30.26     8.30   -33.66      -30.26     8.27   -33.65       0.028
   28.34    18.82   -22.45       28.37    18.84   -22.47       0.042
   32.81    14.54    11.29       32.85    14.57    11.31       0.049
   21.12    11.97    56.67       21.04    11.94    56.67       0.080
  -33.02   -28.70   -22.09      -33.00   -28.67   -22.10       0.036
   11.00    26.55     1.63       10.93    26.68     1.61       0.145
    4.04    22.90     5.88        4.06    22.88     5.89       0.037
  -40.40   -11.19   -31.95      -40.34   -11.16   -31.92       0.076
   22.15    -6.85    12.98       22.14    -6.81    12.98       0.040
   12.46    22.46    33.56       12.47    22.37    33.55       0.093
   -0.26     4.98   -21.76       -0.24     4.99   -21.78       0.027
   -8.72     9.66    35.54       -8.66     9.69    35.52       0.069
  -34.90    -3.48   -43.13      -34.93    -3.46   -43.20       0.082
   18.07    15.98    57.89       18.29    16.18    57.92       0.300
    4.49   -15.02    -4.03        4.49   -15.13    -3.99       0.112
   11.02    24.23    19.42       11.03    24.27    19.42       0.039
   26.10    23.59   -15.02       26.04    23.46   -15.02       0.151
  -32.52    -2.25   -43.97      -32.51    -2.26   -43.94       0.031
  -13.67     2.32     5.13      -13.66     2.32     5.12       0.013
  -18.62    -5.68    -1.98      -18.61    -5.67    -1.99       0.021
   38.26    11.24     0.35       38.24    11.22     0.35       0.030
   33.79     2.04   -23.07       33.76     2.04   -23.04       0.044
   18.20    -1.82    59.55       18.12    -1.76    59.54       0.098
  -26.80     3.95   -42.42      -26.78     3.90   -42.37       0.081
  -37.71   -14.51   -11.33      -37.68   -14.51   -11.35       0.039
   -6.46    19.41    13.55       -6.47    19.42    13.54       0.013
   -6.19   -11.61     3.86       -6.20   -11.65     3.88       0.044
    9.66   -16.19    -6.52        9.66   -16.21    -6.52       0.019
   21.62    -2.91    34.02       21.60    -2.89    34.01       0.039
   -3.74    -2.24   -34.44       -3.84    -2.26   -34.42       0.100
   10.41    -4.33    63.31       10.41    -4.33    63.36       0.046
   14.48    18.41    62.21       14.47    18.40    62.18       0.034
    2.16    -8.06    26.96        2.17    -8.12    26.98       0.065
   14.37     1.64    62.97       14.37     1.64    63.00       0.035
  -16.78     5.92   -41.78      -16.78     5.93   -41.79       0.012
  -15.88    19.92    26.65      -15.89    19.93    26.65       0.002
    0.04   -12.46   -32.05        0.09   -12.44   -32.06       0.050
   15.31   -17.02   -10.52       15.30   -17.05   -10.53       0.032
  -26.21   -29.16   -15.37      -26.20   -29.13   -15.38       0.034
   24.05    -6.14    13.27       24.07    -6.21    13.29       0.071
   29.11    -9.34     0.92       29.10    -9.32     0.91       0.024
   -7.27    25.16    25.31       -7.27    25.07    25.31       0.087
  -28.79     3.56   -13.95      -28.78     3.58   -13.84       0.115
   31.79    -7.58    -1.57       31.82    -7.61    -1.57       0.047
  -36.81   -25.59   -29.52      -36.85   -25.63   -29.52       0.061
   -8.20     5.74    30.50       -8.24     5.72    30.50       0.039
   10.53    26.44     5.10       10.54    26.41     5.10       0.022
   -8.16     1.04    27.05       -8.13     1.05    27.04       0.032
   14.09    -3.15   -22.23       14.09    -3.15   -22.16       0.066
    5.27   -10.23    15.19        5.24   -10.12    15.16       0.111
   38.50     4.00   -12.29       38.45     3.99   -12.26       0.058
   35.12    -4.13    -7.85       35.06    -4.06    -7.86       0.091
  -19.20   -21.23   -46.44      -19.19   -21.26   -46.52       0.090
  -11.94   -13.15   -47.09      -11.93   -13.16   -47.14       0.058
    6.05   -12.28     5.67        6.04   -12.45     5.71       0.178
   21.65     8.13    57.77       21.62     8.13    57.76       0.027
    1.72    10.56   -10.20        1.78    10.41   -10.14       0.168
  -12.25    11.50    32.81      -12.13    11.63    32.75       0.188
   -4.42    10.85    -1.06       -4.44    10.88    -1.07       0.034
  -11.27   -16.14   -46.01      -11.27   -16.14   -46.01       0.002
   19.79   -10.95     2.94       19.76   -10.89     2.92       0.068
   -6.58     2.86    48.12       -6.61     2.86    48.12       0.037
   11.90    24.21    19.37       11.90    24.23    19.37       0.021
  -18.62     5.40   -13.11      -18.61     5.37   -13.14       0.043
    1.75   -18.00   -10.91        1.79   -18.18   -10.85       0.193
  -38.03   -17.44   -13.07      -38.00   -17.43   -13.09       0.038
   -0.32    -0.47   -25.44       -0.31    -0.47   -25.44       0.007
   -5.28     0.17    62.73       -5.30     0.16    62.75       0.021
   -3.98    -5.09    34.10       -4.04    -5.14    34.13       0.087
   16.45    18.26    56.50       16.38    18.16    56.48       0.124
   -3.28     2.95   -26.26       -3.23     2.99   -26.29       0.067
   24.91     9.48    34.37       25.05     9.48    34.39       0.142
    1.92   -18.34   -11.72        1.94   -18.42   -11.70       0.086
   -1.56    19.44     8.93       -1.45    19.33     9.02       0.177
   34.37    16.56     4.19       34.34    16.53     4.19       0.035
  -26.06    -0.38   -11.76      -26.10    -0.30   -11.66       0.133
   -3.34   -21.81   -15.69       -3.39   -21.76   -15.72       0.071
   12.82   -17.11    -8.48       12.84   -17.06    -8.46       0.053
   -3.12    16.36     8.19       -3.12    16.36     8.19       0.004
   -7.35    24.76    28.04       -7.34    24.87    28.06       0.111
   -2.37    -2.22    63.42       -2.37    -2.22    63.43       0.016
   -3.55    -4.91    39.09       -3.59    -4.95    39.10       0.058
   25.16    -6.90    10.97       25.15    -6.79    10.93       0.113
   -3.25    22.43    34.11       -3.23    22.56    34.15       0.143
  -29.07     2.31   -42.65      -29.08     2.33   -42.67       0.029
  -35.85   -17.77   -42.26      -35.78   -17.73   -42.19       0.106
  -41.41    -1.25   -31.35      -41.39    -1.26   -31.34       0.022
   10.81    -7.42    21.69       10.80    -7.33    21.68       0.085
  -40.02   -17.70   -16.53      -40.09   -17.73   -16.50       0.088
  -15.12    10.59   -32.29      -15.15    10.54   -32.28       0.063
   27.69    -1.68    20.41       27.66    -1.66    20.39       0.043
    1.11   -11.62     8.45        1.10   -11.64     8.45       0.012
  -14.35    -5.46     4.23      -14.32    -5.45     4.20       0.046
  -13.85    -0.73     7.19      -13.90    -0.74     7.21       0.059
   27.54    22.43   -14.43       27.61    22.53   -14.43       0.126
   15.26     9.64    63.10       15.26     9.64    63.17       0.074
  -41.09   -17.75   -30.23      -41.10   -17.75   -30.24       0.010
   -4.99    -2.71    56.80       -4.78    -2.57    56.80       0.249
  -31.73     7.76   -33.44      -31.67     7.66   -33.39       0.132
   -0.30    -5.91    53.17       -0.39    -6.12    53.15       0.226
   -2.29    -7.23   -34.86       -2.28    -7.23   -34.85       0.010
   10.74    -6.61    32.45       10.73    -6.49    32.44       0.124
   -3.45   -23.37   -19.44       -3.43   -23.41   -19.43       0.049
  -18.83     5.51   -13.10      -18.78     5.38   -13.23       0.186
   28.00     7.03    24.76       27.95     7.03    24.75       0.048
   17.55    10.09    63.18       17.55    10.09    63.16       0.012
  -32.07   -27.72   -16.97      -32.05   -27.68   -16.98       0.048
  -30.68   -28.19   -16.68      -30.66   -28.18   -16.69       0.025
   -6.79   -20.58   -10.34       -6.80   -20.57   -10.36       0.028
   -0.36    -1.55   -26.57       -0.40    -1.58   -26.52       0.069
   -5.14   -23.50   -16.60       -5.11   -23.55   -16.57       0.067
   21.13    -6.91    12.82       21.19    -7.12    12.87       0.224
   13.36    -6.06    41.81       13.39    -6.18    41.81       0.124
   23.84    19.78   -26.00       23.84    19.78   -26.00       0.001
   -7.04     5.65    39.00       -7.12     5.63    39.00       0.089
