200 Output-E.txt
  -30.56     9.48   -21.33      -30.52     9.40   -21.35       0.096
   -3.49   -23.27   -32.87       -3.48   -23.29   -32.87       0.022
   -8.09     8.18   -12.99       -8.09     8.17   -12.99       0.005
   -5.96   -24.94   -34.52       -5.96   -24.94   -34.51       0.007
  -32.47    -7.42    -8.23      -32.47    -7.43    -8.25       0.024
   27.30     5.19    27.11       27.26     5.20    27.10       0.038
  -11.39    -3.08    11.53      -11.49    -3.15    11.58       0.131
    9.88    25.22    14.02        9.87    25.16    14.01       0.064
  -29.01   -21.30    -8.06      -29.02   -21.32    -8.03       0.035
   -9.03     2.60    24.58       -9.06     2.59    24.59       0.036
  -29.68     7.43   -36.07      -29.70     7.49   -36.10       0.068
  -22.59     9.47   -18.00      -22.59     9.41   -18.07       0.090
   20.56    -0.35    49.72       20.63    -0.38    49.73       0.081
    0.81    -8.11   -28.05        0.84    -8.10   -28.08       0.040
   37.24    -2.00     4.13       37.22    -1.98     4.14       0.025
  -22.78   -17.64    -6.30      -22.78   -17.64    -6.28       0.023
   33.46     8.86   -23.47       33.43     8.86   -23.46       0.029
  -38.41   -22.43   -18.20      -38.35   -22.38   -18.23       0.084
  -25.59    -1.45   -46.81      -25.60    -1.44   -46.84       0.032
   15.76    -6.47    21.23       15.79    -6.73    21.26       0.261
  -19.96   -13.20    -4.84      -19.96   -13.21    -4.83       0.013
   18.59    -1.54    58.26       18.52    -1.48    58.26       0.084
  -25.71    -0.47   -46.19      -25.73    -0.45   -46.22       0.039
    4.40    12.47    63.21        4.40    12.47    63.19       0.021
   38.19    -0.28     2.63       38.20    -0.28     2.63       0.011
   34.00    -3.83    10.39       34.00    -3.83    10.39       0.006
   -5.83    -0.40    40.51       -6.02    -0.45    40.52       0.199
   -6.83    19.50    14.06       -6.90    19.61    13.95       0.173
   -6.40    20.90    14.61       -6.33    20.78    14.74       0.194
   35.59    11.67   -14.65       35.59    11.67   -14.66       0.002
    6.26    17.81    62.81        6.27    17.90    62.88       0.118
   11.85    21.76    45.58       11.89    21.62    45.56       0.144
  -37.70   -11.43   -42.59      -37.62   -11.44   -42.55       0.087
  -11.17    21.97    18.63      -11.14    21.93    18.67       0.065
    5.36    -8.37    22.69        5.34    -8.28    22.67       0.099
  -25.78   -29.64   -37.09      -25.76   -29.55   -37.05       0.096
    5.86    23.81     3.93        5.92    23.73     3.95       0.099
  -10.73   -14.68   -46.28      -10.71   -14.69   -46.31       0.033
   -5.63   -22.64   -37.24       -5.56   -22.70   -37.29       0.105
    9.69   -15.17   -13.89        9.72   -15.37   -13.94       0.211
   13.92     6.71    62.99       13.92     6.71    63.02       0.030
  -35.04     3.91   -15.98      -35.11     3.97   -15.87       0.144
   14.07    -6.88    21.58       14.08    -6.94    21.59       0.070
   33.27    -6.01    -3.66       33.17    -5.94    -3.67       0.121
    7.89    20.48    45.76        7.86    20.63    45.77       0.149
   20.03    25.44     6.92       20.04    25.48     6.93       0.037
  -14.58   -24.76   -42.62      -14.59   -24.72   -42.57       0.055
   21.30    15.94    39.83       21.39    16.00    39.84       0.105
  -24.57     0.75   -45.82      -24.57     0.75   -45.81       0.005
   36.87    -1.55    -2.31       36.93    -1.61    -2.30       0.083
   39.85     7.66    -3.68       39.82     7.64    -3.68       0.042
   -8.94     9.22     5.49       -8.89     9.18     5.51       0.061
  -24.41    -8.01    -6.07      -24.40    -8.01    -6.09       0.025
  -13.97     5.23    -8.28      -13.97     5.22    -8.28       0.001
    2.83    18.56     2.15        2.87    18.54     2.16       0.046
   -9.48    -4.44    14.28       -9.53    -4.46    14.29       0.058
  -25.05    -0.07   -11.35      -25.04    -0.09   -11.37       0.025
   -6.77     1.40    36.30       -6.75     1.40    36.30       0.019
   28.37    -7.76     7.04       28.36    -7.70     7.02       0.065
   18.43   -12.71   -18.71       18.43   -12.72   -18.72       0.014
   21.63     8.79    56.40       21.75     8.80    56.41       0.120
   36.17    -3.41    -9.84       36.11    -3.36    -9.86       0.085
   13.61   -10.80   -20.16       13.60   -10.63   -20.00       0.229
   -4.55    -4.47    37.73       -4.46    -4.37    37.72       0.138
  -39.39   -14.68   -13.74      -39.36   -14.67   -13.76       0.034
    9.88    22.74    29.92        9.88    22.63    29.90       0.115
   -3.26   -14.48   -39.68       -3.29   -14.48   -39.64       0.048
   -1.52    -5.52    50.52       -1.51    -5.51    50.52       0.013
   34.36    -3.14    10.56       34.38    -3.16    10.58       0.034
   -7.82   -10.68     4.65       -7.80   -10.64     4.63       0.051
  -26.11   -28.70   -14.48      -26.12   -28.77   -14.45       0.076
    0.50    10.84    -7.95        0.51    10.82    -7.94       0.024
   20.03     0.40   -24.43       20.04     0.41   -24.42       0.017
   -5.00    -2.39    62.25       -5.01    -2.39    62.25       0.010
    1.29    -3.89   -26.18        1.28    -3.89   -26.17       0.018
  -43.12    -9.69   -20.16      -43.09    -9.69   -20.17       0.033
   25.47    16.11   -27.66       25.46    16.11   -27.65       0.017
  -40.32    -1.25   -17.59      -40.33    -1.24   -17.58       0.008
    3.48    18.97    56.28        3.51    18.85    56.27       0.124
   25.41     5.94    34.09       25.42     5.94    34.09       0.012
   -7.08     6.78    50.15       -7.00     6.76    50.15       0.080
   14.68   -17.39    -9.41       14.71   -17.27    -9.37       0.129
   28.69     0.69    21.09       28.60     0.73    21.05       0.105
  -38.83   -21.18   -17.47      -38.82   -21.18   -17.47       0.014
   23.81     4.48   -29.88       23.78     4.45   -29.97       0.097
   -8.93     7.57    30.81       -8.93     7.57    30.81       0.001
  -14.06    10.80   -21.66      -14.08    10.74   -21.67       0.064
  -34.10    -5.18   -44.31      -34.10    -5.18   -44.32       0.005
   -1.05   -10.29    16.20       -1.05   -10.27    16.20       0.025
    9.87     8.38    63.03        9.87     8.38    63.05       0.014
  -11.97     9.61    16.66      -11.84     9.64    16.68       0.130
  -29.87   -29.42   -18.48      -29.87   -29.40   -18.48       0.016
    8.11    -6.94    30.18        8.11    -6.92    30.18       0.024
  -22.27     8.83   -37.55      -22.27     8.87   -37.58       0.053
  -43.09   -16.13   -26.27      -43.09   -16.13   -26.27       0.005
    9.13    21.87    -7.35        9.08    21.91    -7.37       0.073
  -36.03   -19.72   -11.89      -36.00   -19.69   -11.94       0.067
   18.84    21.65    28.31       18.83    21.62    28.31       0.033
    3.89    -7.30    32.51        3.89    -7.29    32.51       0.004
   31.20    17.00   -20.06       31.24    17.03   -20.08       0.053
  -10.13   -18.53    -7.78      -10.13   -18.62    -7.67       0.142
   -5.61    -1.19    48.86       -5.55    -1.17    48.86       0.064
   13.57    21.99    37.47       13.60    22.12    37.46       0.130
   20.29    11.43   -30.70       20.29    11.43   -30.70       0.003
   13.50    27.13     4.48       13.50    27.12     4.48       0.003
   -3.37    -5.00    43.56       -3.32    -4.95    43.55       0.067
  -42.58    -9.94   -18.44      -42.59    -9.94   -18.44       0.013
   -9.51     7.11    26.82       -9.85     6.97    26.90       0.379
   33.96    -4.72   -20.61       33.86    -4.65   -20.59       0.121
    7.39    25.43     6.03        7.37    25.47     6.03       0.044
  -19.31   -24.52    -9.54      -19.30   -24.55    -9.48       0.074
   26.22    -9.77     1.19       26.23    -9.91     1.24       0.143
   34.56    15.13     7.67       34.53    15.11     7.66       0.041
   -6.27    -8.36    15.06       -6.28    -8.38    15.07       0.021
   -5.52    -1.56    56.47       -5.42    -1.52    56.47       0.106
  -34.95     1.28   -40.08      -34.94     1.26   -40.06       0.028
    2.92    23.30    28.10        2.91    23.23    28.09       0.073
   35.06     7.51   -19.91       35.22     7.53   -19.97       0.178
  -19.31   -24.92   -43.71      -19.31   -24.91   -43.70       0.009
  -30.09   -30.89   -24.75      -30.05   -30.80   -24.76       0.100
  -41.83    -1.07   -27.32      -41.92    -1.02   -27.33       0.106
    2.42    -7.96    27.20        2.43    -8.01    27.21       0.052
   31.24    13.39   -24.39       31.11    13.29   -24.29       0.188
   -0.24    -6.89   -29.08       -0.19    -6.88   -29.13       0.072
   13.61    -5.81    55.65       13.56    -5.71    55.65       0.115
   -3.93    -2.31   -35.21       -3.89    -2.30   -35.21       0.042
   15.59    19.54   -30.83       15.58    19.56   -30.85       0.033
    6.82    -8.27    19.39        6.87    -8.43    19.44       0.172
   24.78    16.43   -27.72       24.80    16.46   -27.76       0.055
  -15.18   -17.30   -47.17      -15.18   -17.30   -47.16       0.005
    0.69    -6.97    35.66        0.70    -7.04    35.68       0.070
   32.24     8.34   -25.81       32.29     8.34   -25.85       0.059
  -22.13     2.34   -11.67      -22.15     2.38   -11.63       0.057
  -36.90   -11.54   -43.39      -36.98   -11.54   -43.45       0.097
   -8.25    25.01    24.28       -8.25    25.02    24.28       0.014
    8.10   -10.63   -21.96        8.13   -10.64   -22.01       0.054
   12.07    -6.52    60.02       11.98    -6.28    60.02       0.252
   16.55    22.50    28.44       16.54    22.43    28.43       0.064
    7.90    22.21    32.50        7.90    22.20    32.49       0.013
   17.70   -12.96   -18.45       17.73   -12.89   -18.37       0.106
   19.84    -8.43   -23.01       19.83    -8.45   -23.03       0.036
   -1.49   -13.46    -0.08       -1.49   -13.49    -0.06       0.033
    9.60    21.23    52.81        9.59    21.07    52.79       0.168
  -14.50    17.44    33.26      -14.54    17.45    33.29       0.051
   35.34    -4.60   -15.73       35.28    -4.56   -15.73       0.070
   -4.71    12.26    61.37       -4.79    12.32    61.38       0.099
   28.13    18.59   -22.86       28.16    18.61   -22.89       0.049
  -26.79   -32.16   -26.29      -26.79   -32.18   -26.29       0.027
  -12.28     2.45    12.11      -12.25     2.46    12.11       0.040
   27.07    21.09   -21.41       27.14    21.17   -21.49       0.136
   39.95     4.48     1.35       39.80     4.49     1.34       0.148
   14.04    22.02    34.78       14.04    22.17    34.83       0.155
    3.92    14.12    -5.78        3.96    14.07    -5.73       0.085
   -3.63     2.26    63.13       -3.63     2.26    63.14       0.004
   20.93    19.02   -28.47       20.95    19.04   -28.50       0.032
   -9.62     2.40    21.62       -9.70     2.38    21.64       0.085
  -18.28    -3.92   -47.47      -18.28    -3.92   -47.47       0.006
   16.66    19.30    48.26       16.67    19.31    48.26       0.019
   24.57     5.59    37.52       24.61     5.58    37.53       0.033
   14.74   -17.48    -8.52       14.73   -17.51    -8.52       0.029
  -40.26    -8.05   -34.65      -40.26    -8.05   -34.65       0.002
  -13.38    18.05    34.82      -13.32    18.03    34.76       0.089
  -19.71   -31.69   -17.60      -19.73   -31.64   -17.62       0.067
   -6.08    14.17     9.27       -6.11    14.19     9.26       0.037
  -24.95   -11.42   -48.56      -24.97   -11.43   -48.59       0.034
   30.21    19.98   -18.10       30.17    19.96   -18.09       0.049
    1.91    16.84     1.75        1.85    16.89     1.72       0.088
  -24.76   -12.26   -48.51      -24.76   -12.26   -48.53       0.028
   30.26   -10.73   -14.47       30.19   -10.66   -14.49       0.100
    2.39    21.53    35.14        2.40    21.62    35.16       0.085
   -3.78    -4.98    38.12       -3.76    -4.97    38.12       0.018
  -14.38    -5.82     4.04      -14.33    -5.81     4.01       0.059
  -21.30   -22.77    -8.25      -21.29   -22.80    -8.19       0.066
   24.41    16.48    25.20       24.54    16.55    25.25       0.152
  -21.88    -5.62    -5.01      -21.92    -5.59    -4.95       0.076
   -8.02    -5.89   -44.34       -7.97    -5.85   -44.40       0.098
  -16.54     6.23   -13.16      -16.55     6.24   -13.15       0.011
   18.26    26.60    -4.42       18.26    26.63    -4.42       0.029
   18.99    -6.21    19.54       19.01    -6.37    19.56       0.160
   20.05     0.95    59.81       19.93     1.01    59.80       0.131
   11.04   -11.54   -19.85       11.06   -11.57   -19.88       0.043
   11.70    25.41    13.46       11.71    25.27    13.42       0.143
   30.20     0.06   -27.49       30.21     0.05   -27.51       0.030
   -6.82     9.24    -1.95       -6.78     9.17    -1.94       0.086
   34.67    15.36     6.68       34.73    15.41     6.71       0.076
  -30.28     9.92   -24.11      -30.30     9.97   -24.11       0.056
  -30.15     9.81   -29.35      -30.15     9.80   -29.34       0.010
  -30.63     5.58   -39.08      -30.64     5.59   -39.08       0.011
  -18.92   -29.40   -38.17      -18.90   -29.47   -38.22       0.086
  -38.87   -21.30   -33.89      -38.91   -21.32   -33.90       0.043
  -16.73     1.53    -2.12      -16.77     1.56    -2.11       0.050
   -4.55    -3.72    39.15       -4.57    -3.74    39.15       0.025
    7.34    24.31    17.83        7.33    24.41    17.85       0.106
    8.37    20.80    45.24        8.38    20.75    45.24       0.046
  -18.31     4.73   -11.99      -18.31     4.74   -11.98       0.012
  -31.14     5.77   -37.99      -31.18     5.85   -38.03       0.104
   -2.82    -2.50   -30.10       -2.78    -2.48   -30.12       0.048
   37.35    12.58     1.93       37.38    12.60     1.93       0.038
   -3.63    11.75    -0.81       -3.54    11.63    -0.77       0.156
  -39.90     1.84   -28.76      -39.91     1.85   -28.76       0.017
